1
[-1.02880665]
24766.341321940217
-2544.2008416251524
-12330.775156077232
-18816.666994563973
-3724.1000509189566
-7570.272050625063
914.821453785124
1126.9205464678048
4929.202372518866
-9090.53194047347
-8637.655496629506
-2346.8747455632083
2230.7162918918857
9196.63785865758
-4055.5802230293975
23668.946062586838
-4947.290265083173
9425.151803144823
-36026.015740696756
-2413.5127549684826
-5031.765400768846
-12202.36150493196
6144.866253053042
16193.484860998109
-3970.838205255224
-5829.122241651742
7192.564867155841
18423.383882961327
-1066.4081655751388
-19283.063186520987
-12493.787018231871
-5086.879986664538
-6496.895759778775
-14907.757513891947
1716.7011158928713
-17954.576384940894
-8640.73646556473
17970.25614305052
-3643.7497361563524
13473.204049638267
10184.395442499754
17280.793027213385
-2162.2843050440083
1626.0363739483173
-15497.419487790037
16033.801256503208
-10702.12190464382
-39.81977633646318
2587.7584681077333
19436.16423592387
-10388.414651740013
5481.835640110808
4310.8765935796555
5949.816345264471
6176.169091380577
8464.170087206334
24894.183920844913
9394.27343943537
-8209.75947949519
4565.207587332127
-1617.9256368836427
-3568.480237834165
7895.665819917251
-4358.832703360847
-5583.9049329777245
-7521.115130888181
4765.096867531573
13380.155482039796
-9345.400764244967
-34.999640497362805
-12740.075719378201
7579.82183363137
-8114.112856479162
-5622.967715051459
-13884.584012382775
511.0533935188296
-4640.5770400070405
-14697.323028036664
20842.716141228128
1583.3477264226335
-1179.8272849973446
17417.370903130864
-8291.73358548436
8901.484629137229
19432.316546582588
7170.242613536906
-164.40964231331208
-36841.87008229436
9515.128307669602
-3630.0632035461817
2210.141668262064
-2117.1251909202438
5250.57987096079
13452.323293577423
-8725.489228992003
12400.78549631603
2948.112374374843
-6933.916144882272
-200.04431817500287
18401.453833363266
7988.610573753901
-10286.952078797905
-979.4891410153633
-2939.8391458910555
-7770.5804206478415
-21393.686823693253
2790.2550158093427
5702.335545640121
10574.835115487997
26353.570736191796
-13053.300199791322
10804.423335781037
-7379.017632744571
-6686.954236539544
13698.918217284596
-12692.250175023635
-5789.258718068479
-12301.095238936881
-6668.691110300994
12055.371599972466
1981.2766398202937
-15202.605164011344
-14573.465599612964
-12875.303877803384
-14206.475080574322
-8950.454921479148
-8861.326519836983
-15549.457984345434
10708.515322833504
13776.567878329088
-3376.363584681815
-15152.08746175663
-5495.947364723742
-8488.31695178987
8798.233235992684
9054.557860515166
-34219.16405983248
682.4838441895448
11486.797591822326
-19857.19490893037
-8191.586752455862
-1736.684638934192
2214.6500631689705
7128.474368691996
-7629.663499961389
4536.144607983885
11259.228195637575
-3741.401481466688
6752.886562873763
9747.976782394806
1722.6411509847821
10037.496205879334
-9410.942206560878
-11523.784403715823
19031.24973844638
-11227.318246943518
8173.4290950475215
-3.2933012177549514
-2637.2471242207116
-3488.4143387311556
5380.828584306123
-2747.3497442993244
-16981.22576912145
6686.937549821941
15959.38173596235
-2880.09645849012
6600.946473514522
7273.189442170901
1784.3391076415385
2770.9440787646226
-14278.63037054282
-12906.409629066216
-18525.93594294689
7312.818669168368
14265.753993674696
-10706.43965517593
-4872.758217359553
8.314982673144243
-629.8575172557303
2649.1100537707994
15771.572398654489
-8268.356108514032
-4593.1286615244335
-7110.339044945393
-25147.1547855343
13814.400247837248
-4564.498471456824
18269.077360823903
570.4941928664354
-10936.711215208155
-9057.375670594985
5282.081980685324
-1204.1290334154014
-12333.408567976716
-14097.540489815534
-2307.452426362554
194.97429625017023
12312.630358541637
6450.9744995365245
5519.221096579734
6162.612659263195
3602.9268436972475
-2390.063223413006
9632.606988890018
2832.471295673967
-11495.926960791558
-6103.503612393932
-9635.02648303944
-12767.635721778839
-545.3995348841155
6509.10497878787
-10.017424923752962
-5778.861239317563
-6796.303044677512
-4169.420973975853
-3869.135827492418
-5783.432950275092
-18826.84523930457
7773.63426377149
8639.43487126938
-793.7116230376647
-8601.596763332465
13320.26126540427
14315.964041351524
12556.61539812698
1255.1995515175693
-23665.844244598622
-1079.7203060385168
-3913.1329622547855
-7935.843118270889
8210.224804036276
5846.772405052116
-8956.483284108092
-4133.051852642493
4254.606648266767
18683.681249138568
13897.745885681956
-2020.9099654228244
2306.440936228976
1367.3366845808548
-4645.410777230497
6371.160253600938
3002.7202958578496
-1651.9605470734398
4891.300184257997
-4928.110113826158
-4404.654743462637
-5995.448103971814
3492.775904283917
22810.00525240979
-5315.033172692767
2744.8449671592734
-7824.134467744303
12788.692241143297
-1672.2432487144497
-4845.68275676239
-12654.619215631283
11947.817572193384
618.0327876522198
-1392.5343658325141
338.1073461066145
-8172.089863794225
-10174.816046356827
12688.697786371205
3332.517544209314
-13785.758102007843
7214.623952533787
-12059.869383279696
-6093.398100914625
9872.277710921902
1986.5604061865201
-15043.76371487387
-377.95374098068413
-4994.555586353032
-7841.829286414575
18962.311346065064
20378.910202686784
2861.0454637182133
-5676.751548962051
1202.0257198475833
5030.52551336015
-5228.374773456232
9543.55414365807
15635.159581171347
-16247.530188419152
-20788.543445254014
5678.589836226827
3451.730382256499
5552.277608216385
2905.372663884827
27052.980773949843
-2349.901280821411
11620.948927757272
-1296.1813732180258
-1374.5678417053973
-11034.235702018033
11660.728991526674
-11389.932895663831
6252.367303472994
261.3603699913997
44.22867059410423
10622.049876292263
9197.751188029959
12429.80955703438
-9339.590174375628
-7209.881682422
-3570.9093302856045
12950.85685742211
16599.913174213492
15708.183574415803
19369.628712804548
3410.473721241206
4481.602583087744
-4223.443547295803
9659.357531132047
-19716.13845610525
-13449.787662751447
-8545.875719715605
6139.188261836282
5209.527371235687
-9257.00708323587
11605.24074057061
-9875.24236944341
-10027.338657603763
3276.059070600672
-2785.4226764341915
-8019.103626873424
20730.481386449297
-2802.2748785187628
-3491.714055197269
2629.4679579288686
1780.3122697923166
-14965.268431309834
1482.9637499393923
-8740.38642532311
4533.764462928343
293.8629617501489
-1010.0160944548134
-5007.482857125678
21294.143786471377
-2078.095437354272
-3761.9111025294233
-11040.421867541887
-3641.579469894956
-2280.9597481235733
-11936.05860955545
-6846.362681534492
6495.730571192497
-6282.689976811071
-2422.4555128115867
10584.705882525086
-9238.215758619008
-10016.581556529836
-3052.644931844479
-7796.530142468342
4760.1623856796405
-3714.3926781426317
14658.370758660843
-2289.9294832229184
-1049.3383060129192
23796.67627189392
1127.783460356519
-2185.752936901393
-13115.435576889422
8609.874307231361
-2896.81947024583
-11191.06941798032
-9998.028383957651
-1377.9986395833125
20769.094657283415
18444.53894460187
14700.476964736381
9679.04636417048
-6409.915730245167
-1194.5895117446064
4844.522047177529
-18039.561326006664
6181.301911637493
828.5811983410877
-30110.719581477482
-11645.944208204306
2000.7519234219972
-2947.6924386280307
-2276.971513063289
-3990.6517721728214
-3190.614416672672
-1164.5758801198906
4034.488297812849
-10711.143395671217
-4773.781822592202
-7765.819018542678
12093.949565434154
-4545.205629962176
3732.4363004843963
12516.305808791565
-21687.253175227055
-12789.338849707681
8572.829940310019
2326.779417301735
1279.595551323852
1676.1088902061374
-835.9068891752596
1914.4052444233764
-5527.19519405373
-6277.369514609564
-2929.7439258935065
-1641.775270938064
-645.1868576275717
11263.473457013819
12674.335210748908
-7247.304375284864
8508.913935050756
701.743308468005
5710.095489405714
-6802.385185599806
-22568.285114156493
11036.806460820137
-13296.84369424653
6719.436834147788
5612.590686579144
-8190.659139108677
-1021.2059185425609
10262.73386120417
1914.2096331376667
-13093.616479339273
2199.4204154182057
-9205.428481567216
-8416.455902041196
13963.303462720485
6295.578212948197
11506.942934777737
-2747.272700981523
4052.0645420317196
14851.723795084486
8691.159082319462
-9974.18592867355
5326.126323938446
2466.465928413615
-1675.4477521914046
9463.513012985253
782.0805474973398
-5494.53154098743
-3973.8366425607737
-21273.170259962684
-4512.1346874746005
-10994.378514290007
-3073.6390535167143
4761.470422644623
5428.149599735803
28080.163426092604
-15136.76300588714
-7709.180693368118
-3270.3923863924947
-4342.875482384832
-17451.388494316285
4806.3473290016245
-10803.954778825326
6194.9113675500685
-1043.5845610507417
4938.178815018629
-297.49051737459286
-13171.749685659506
5226.439837039496
1645.8741809484482
-872.915370063357
-4451.732632471548
-18991.862045623002
-11151.609502057017
-2146.505921845045
13532.673966814962
13497.87813811724
-17230.545592466115
-4102.725981932104
-5550.313075876274
1801.656153891803
9125.15975413886
-15145.323428404456
-17642.665570707297
-1203.6503845096343
-4643.6797509917
-13086.319372716793
13014.430707577088
16360.844402652816
748.3085391806762
-13259.190655493438
-3775.86922681246
-12333.42637953111
6062.925903042322
11821.160977459864
-7031.107507051435
-2601.4103152286025
-10722.73872420374
14154.028122408035
-14667.896138819704
-8052.194437525689
11777.794799456013
4936.057127794315
-5359.206601322209
7081.85088430838
2404.39555443652
-4213.0362447201105
7253.3544214053845
5186.787565183766
7354.014087540126
4766.445205962517
864.2411050963423
5286.036170774455
-16171.332662343671
-14323.208134025428
-6906.530668514091
-4659.38520032466
-9091.774984073778
2494.317681855298
-10940.460906752473
632.6475067763932
14561.375226761744
-1349.789335369786
3009.483385993406
-2586.172191708333
-2901.2873887742076
-7357.6946679598
-10859.7656793045
4560.090565900228
-4840.356851030217
-9284.288108455325
18776.242283762625
1648.2541465762993
-16057.377430240798
-3148.4415968510625
-9823.68441858757
-5713.986642636965
5624.397876310338
-12413.585210095787
9356.899987063516
16138.651970322146
9049.740219039173
-3449.084931624997
9060.89479463925
-17173.00259822105
-1742.638045497477
-4814.263309828387
18633.324937257017
23536.82118241206
4644.7070774154045
-961.1959901525847
-4189.473359021556
-18758.09555712224
18493.71184715392
2678.0036773306388
1546.5758813663565
5235.0812359774945
19061.877241517417
11917.05680466854
882.5150298362349
-8344.957890703447
8066.700580410662
-13962.212463123391
873.4471697028494
-1349.3103932812737
14582.00370374941
11153.648881429419
-6888.5604340633
9887.544389524484
16241.590591055661
2945.4869454835275
8771.599741412156
-7896.87634785991
-13985.993933515816
7106.912575509126
5542.659066292307
11746.125023899627
9070.744617270675
2355.30215306311
-8289.043962350652
126.9138797072327
-3309.1531065143313
-3371.9913458515825
-4566.959410065333
20293.149028102773
1499.2989006169346
48.65448194717487
10331.269639619482
5035.163344287857
-19506.984598012205
-421.56275998868654
-4659.119510101872
12519.932668823505
-5421.0029119319115
9205.133831059171
366.0072952607682
-5080.28805777087
-12684.733770973264
10370.189713268117
-4911.145019698581
4669.421826660392
1366.6167708579478
-2606.1987860635877
-7249.629511348446
6895.353565359657
-4265.917460343046
-10792.626133409403
9286.952909730842
-4887.967145511211
-6633.216042746813
-129.9568404622554
14787.196125431437
7294.111158702145
-11615.463182636331
17365.945751204323
5397.189786253056
-10670.697297417215
-4455.105343535666
-9518.1211399673
-17883.3160075236
6934.284188171258
-11275.48079823388
5788.586129218279
-17876.788957676545
-1097.2159695668738
4388.398564450258
837.9143939077971
-32104.791933392655
-8051.056553154083
-3232.305683471754
-4427.401715477483
6059.677766776233
12347.48518631403
-23173.005978984755
-3955.545806542528
-7209.209790274241
13672.743503529418
-4370.939518925297
18548.926619432154
-10692.082851719972
15303.41696819828
-9769.225858156738
-78.24782034249785
5763.844304853458
-9316.61770080193
-6085.762804133109
-4144.862624691085
-3149.500823697955
7945.827535047308
17895.00414115507
4911.5861598998645
-6135.7001304441155
1900.9725925916184
-7148.2376309494375
13004.117958412176
-4463.836496307895
-11015.202667639716
-6850.826990698628
-8880.374178358004
-7794.758587546564
10957.621399154175
10139.21881674362
-9000.710093134794
7276.013740150954
-20152.175294822926
18408.924226757896
-12065.98043187023
11949.889509003153
-23229.399718834324
4476.528959607839
7061.168804688694
832.8093148931925
-5440.147092740218
1335.0703181095669
-16126.062937906338
448.2237846165189
5470.657620632713
11044.631930766793
7366.478364284677
-15300.431555641071
1626.812078342396
8012.27528995392
3293.9846905153736
-8856.73585799605
538.4853503905737
-4761.091988472573
-9306.734449832888
774.10745501814
-2022.8654406239077
-3648.617785726972
10091.849111371059
8734.161138395777
5587.8812732153965
1359.791401026271
-16880.861413564202
20347.523305332794
1561.9114912386356
-13561.956241941642
-11611.687512784112
-6043.184914622139
-4457.302066811026
-16780.99282869971
-511.440466808582
20476.23211791503
7667.794447887318
-4714.214089715548
-3026.976739179569
556.9652969835478
15428.004656559104
12862.068871072712
-3291.98882852553
-691.5446790212752
-4494.190666986575
-10494.84596857764
-2220.0537391835924
-3438.579563500382
-1777.350831882068
-24880.56106671996
6590.003264709143
10545.269489855313
-16605.980131432512
3144.377281857542
-152.0330590970076
7077.562961094433
3228.394026641728
-2758.91742444941
-9931.379589982287
-27219.802452800053
-9940.928811917813
7794.967089539968
5193.377229989264
12800.834392771032
7708.080622792934
4943.309705985034
17309.27065879066
18718.63165740868
15101.404230146618
14050.446076812423
-479.5526906619226
-15244.778983603317
15840.150207561586
-9292.168130543436
3447.9749171697285
-1066.0010915969094
1924.4417767554464
-8204.14319037675
-389.7544489042271
9080.995512881569
-15625.202655524952
31706.68481628787
-1386.118708582124
4087.0591944948205
-7762.964581928359
5055.793257936705
591.9820898307842
-4916.031822353616
3075.21454733341
5476.933145560153
-17041.332000739476
-6773.533390853577
-4503.69473215625
6190.369876386976
-533.8498207240382
-2523.618791549924
3410.8343426627175
10290.011406795833
-3371.3726912605352
5836.779084978571
-698.9786811415871
23115.78611098449
-9206.410310003828
-3936.9033730405818
-8213.36351681042
8974.686087945898
16524.276564310236
3031.498012533095
-18317.37428075286
3824.755790499531
6454.4350719698405
-3035.6158170933504
5042.566973087532
-353.43207432575036
-13385.75787315644
-20930.322662685514
38840.518139196356
19176.79721741427
3915.2115409761022
1320.1718509041114
-15803.26085200225
-2748.406891849788
-10365.943475265962
5583.55741389448
-9556.651247684
5018.432921963153
-306.95814574411384
7456.85615656998
-12691.596223611805
-7115.738546693229
17961.629215879515
-6613.408699094001
1144.9326664008029
5938.937624697471
2836.1592495291356
-7616.41848421403
8335.522835704467
10435.683884647817
6247.479091367699
-10135.558089289227
-25905.263861980067
2869.5139351700223
-8420.448622421767
-556.2770039623249
18268.667140435096
-13022.246707946522
20326.14145168212
3270.175649267614
-7571.127423858597
2088.5413490676806
7053.9544412104
17987.840361094633
3180.218391935695
8225.083672784804
22616.90792763726
-1283.0708306155175
-3411.9759250427214
5235.366512673359
5261.849883834313
5762.96902460169
-4490.376047150402
2502.789273904871
-2849.6539956916595
-4965.410311155618
12156.489422502164
-9326.862706012345
19452.63482799453
5055.390642990019
-26437.907956893294
11458.733790603228
3151.11258837925
10063.061387003007
7890.159405542706
-16545.16860746063
6268.030391582811
12697.310667069194
2828.5444960804525
2948.894897381296
-10339.231381377702
9611.455572657338
-8852.89885023675
10153.96578264214
-1452.988499361012
-10601.81291737901
6325.565688090391
-16279.045274600912
4299.219767951574
6855.240354456038
4723.883041125451
24417.255692871793
10761.426411243465
449.62835548393275
-283.9834720976261
-1760.826047410956
22411.22993157355
466.54742870211294
-10226.273494382966
24728.669004921958
21001.75433569009
-8198.982687356278
-2217.7476590154115
-6218.3752063555485
7851.617797681839
-5164.89507854063
-14021.479396928824
2038.8337626228893
-20668.93329052161
6874.4753182666855
-10669.972751956257
-21957.975447868925
-22076.956028420456
13217.299328569683
8282.28031404088
-337.2983776623481
-6737.407205641843
11200.667355702608
-10802.220265527252
5106.166257468082
19616.85230972648
13373.11737431608
-332.199215450828
-14896.973471659694
2280.0852751496745
-825.820786594866
12479.58290054644
-2603.4770163956923
-3545.704869002421
-5123.6482015839665
14410.889990964328
7855.6758262413305
-11632.544887182627
-9012.902340635956
1806.5937770457276
4411.816721724069
2994.463032699838
-4790.563466509646
-13439.819492744691
-9805.37367791215
2127.7618417450276
-5542.9916423024915
2676.5937738930224
-7620.432174550152
8902.798965131176
-1350.950765213429
8725.0929983225
-3411.2662886707585
-374.18682181334475
8899.265982702678
11565.924560581861
-7085.8373863270745
1547.669007015043
9987.250198036565
-5960.684008027096
-1640.9680811161502
-11707.12972733308
2858.403181436687
-7297.780928547786
-16942.560385399327
2516.6006830019714
-2274.3645433341753
-8118.347582474774
-26760.27057845899
14874.368451852028
-2701.1152684616304
-3720.063615951581
4212.1068082115025
-7658.51498998929
3402.6400618481416
-182.67292636880805
-6018.143112459856
-9199.686838007316
6541.134353663484
-2756.586025957827
-14446.269809033342
-5806.024592947815
-1004.5336114882493
-6805.307579087413
-917.9184209003336
12657.938764756056
18028.131634310404
18606.44738957492
-1595.5458444205838
-6786.341017053747
14013.846155380697
-3819.9252451645634
-10139.069836597066
5706.013741275523
-5633.811866178283
8358.769931661134
-4999.26949739174
-23372.00718688237
13059.200974080599
18881.963725697064
14199.280360016115
9612.753247070817
10730.818986212045
3362.007217823703
-9847.729281378883
3134.8560097668296
-782.1727807607537
-13449.909418997993
19455.739533431337
-1930.3147080681201
6878.8352777781665
10739.889128005263
-25746.98822610453
-7068.563019005577
-13252.679982090112
5754.769687265514
-5281.959104244162
4993.393859867332
-21963.20360739674
-440.59235913248824
916.753397503013
5388.107667705145
497.17587444614196
941.0445010188857
-3812.5750636576086
-5467.577260179298
-10056.862010797611
14065.881921266784
-12165.558105614266
-1312.849974291094
-4697.752041767696
-1984.4883526622584
-13212.706740582717
9263.57343660199
7136.987878378543
4680.177363272175
3496.725378900633
-7491.392111777626
27689.929047679023
-27085.78576083557
-1780.1286217027105
2759.063527177887
3124.1061129283657
-2834.64043864062
-2038.7604910040245
